2,3,5,7,2,4,6,8,3,5,7,5,2,7,3,6,7,4,2,5,7,23,87,34,43,89,6,56,89,30
2,3,5,7,2,4,6,8,3,5,7,5,2,7,3,6,7,4,2,5,7,23,87,34,43,89,6,56
2,3,5,7,2,4,6,8,3,5,7,5,2,7,3,6,7,4,2,5,7,23,87,34,43,89,6,56,89,91
2,3,5,7,2,4,6,8,3,5,7,5,2,7,3,6,7,4,2,5,7,23,87,34,43,89,6,56,89,92
2,3,5,7,2,4,6,8,3,5,7,5,2,7,3,6,7,4,2,5,7,23,87,34,43,89,6,56,89,293
2,3,5,7,2,4,6,8,3,5,7,5,2,7,3,6,7,4,2,5,7,23,87,34,43,89,6,56,89,94
2,3,5,7,2,4,6,8,3,5,7,5,2,7,3,6,7,4,2,5,7,23,87,34,43,89,6,56,89,93
2,3,5,7,2,4,6,8,3,5,7,5,2,7,3,6,7,4,2,5,7,23,87,34,43,89,6,56,89,34
2,3,5,7,2,4,6,8,3,5,7,5,2,7,3,6,7,4,2,5,7,23,87,34,43,89,6,56,89,76
2,3,5,7,2,4,6,8,3,5,7,5,2,7,3,6,7,4,2,5,7,23,87,34,43,89,6,56,89,873
2,3,5,7,2,4,6,8,3,5,7,5,2,7,3,6,7,4,2,5,7,23,87,34,43,89,6,56,369,23
2,3,5,7,2,4,6,8,3,5,7,5,2132,7,3,6,7,4,2,5,7,23,87,34,43,89,6,56,89
